Размер: 7×7
Сумма элементов: 0.9994587918

  0.00001964   0.00023928   0.00107238   0.00176805   0.00107238   0.00023928   0.00001964 
  0.00023928   0.00291502   0.01306423   0.02153928   0.01306423   0.00291502   0.00023928 
  0.00107238   0.01306423   0.05854983   0.09653235   0.05854983   0.01306423   0.00107238 
  0.00176805   0.02153928   0.09653235   0.15915494   0.09653235   0.02153928   0.00176805 
  0.00107238   0.01306423   0.05854983   0.09653235   0.05854983   0.01306423   0.00107238 
  0.00023928   0.00291502   0.01306423   0.02153928   0.01306423   0.00291502   0.00023928 
  0.00001964   0.00023928   0.00107238   0.00176805   0.00107238   0.00023928   0.00001964 
